0.5	0.5	-1.0
1	1	0.0
16	16	4.0
2	2	1.0
32	32	5.0
4	4	2.0
64	64	6.0
8	8	3.0
<=0.25	0.25	-2.0
<=0.5	0.5	-1.0
>32	33.13	5.05
>64	66.26	6.05
nan	nan	nan
0.03	0.03125	-5.0
0.06	0.0625	-4.0
0.12	0.125	-3.0
0.25	0.25	-2.0
<=0.015	0.015625	-6.0
<=0.03	0.03125	-5.0
<=0.06	0.0625	-4.0
<=0.12	0.125	-3.0
>1	1.0353	0.05
>16	16.565	4.05
>4	4.1412	2.05
>8	8.2824	3.05
>2	2.0706	1.05
128	128	7.0
256	256	8.0
>256	265.04	8.05
>128	132.52	7.05
<=2	2	1.0
0.008	0.0078125	-7.0
0.015	0.015625	-6.0
<=0.004	0.00390625	-8.0
<=0.008	0.0078125	-7.0
<=1	1		0.0
<=8	8		3.0
0.004	0.00390625	-8.0
<=0.002	0.001953125	-9.0
>0.12	0.129		-2.95
